Q Matrisi:
0 0 0 0 0 66 0 0 0 0 0 0 0 0 0 0 0 0 0 0 0 0 0 0 0  
0 0 0 0 0 0 66 0 0 0 0 0 0 0 0 0 0 0 0 0 0 0 0 0 0  
0 0 0 104 0 0 0 0 0 0 0 0 0 0 0 0 0 0 0 0 0 0 0 0 0  
0 0 83 0 0 0 0 0 130 0 0 0 0 0 0 0 0 0 0 0 0 0 0 0 0  
0 0 0 0 0 0 0 0 0 104 0 0 0 0 0 0 0 0 0 0 0 0 0 0 0  
53 0 0 0 0 0 0 0 0 0 83 0 0 0 0 0 0 0 0 0 0 0 0 0 0  
0 53 0 0 0 0 0 83 0 0 0 0 0 0 0 0 0 0 0 0 0 0 0 0 0  
0 0 0 0 0 0 66 0 0 104 0 0 0 0 0 0 0 0 0 0 0 0 0 0 0  
0 0 0 104 0 0 0 83 0 104 0 0 0 162 0 0 0 0 0 0 0 0 0 0 0  
0 0 0 0 83 0 0 0 130 0 0 0 0 0 0 0 0 0 0 0 0 0 0 0 0  
0 0 0 0 0 66 0 0 0 0 0 104 0 0 0 0 0 0 0 0 0 0 0 0 0  
0 0 0 0 0 0 0 0 0 0 83 0 130 0 0 0 83 0 0 0 0 0 0 0 0  
0 0 0 0 0 0 0 0 0 0 0 104 0 162 0 0 0 0 0 0 0 0 0 0 0  
0 0 0 0 0 0 0 0 130 0 0 0 130 0 0 0 0 0 203 0 0 0 0 0 0  
0 0 0 0 0 0 0 0 0 0 0 0 0 0 0 0 0 0 0 254 0 0 0 0 0  
0 0 0 0 0 0 0 0 0 0 0 0 0 0 0 0 83 0 0 0 53 0 0 0 0  
0 0 0 0 0 0 0 0 0 0 0 104 0 0 0 66 0 0 0 0 0 66 0 0 0  
0 0 0 0 0 0 0 0 0 0 0 0 0 0 0 0 0 0 203 0 0 0 0 0 0  
0 0 0 0 0 0 0 0 0 0 0 0 0 162 0 0 0 162 0 254 0 0 0 0 0  
0 0 0 0 0 0 0 0 0 0 0 0 0 0 203 0 0 0 0 0 0 0 0 0 318  
0 0 0 0 0 0 0 0 0 0 0 0 0 0 0 66 0 0 0 0 0 0 0 0 0  
0 0 0 0 0 0 0 0 0 0 0 0 0 0 0 0 83 0 0 0 0 0 0 0 0  
0 0 0 0 0 0 0 0 0 0 0 0 0 0 0 0 0 0 0 0 0 0 498 398 0  
0 0 0 0 0 0 0 0 0 0 0 0 0 0 0 0 0 0 0 0 0 0 498 0 318  
0 0 0 0 0 0 0 0 0 0 0 0 0 0 0 0 0 0 0 254 0 0 0 398 0  
